20
Helen 18724345724 1986 11 14
Frank 15278989374 1993 7 13
Lisa 14973911099 2015 9 2
George 17720567265 1992 9 10
Ronald 16882127335 1988 2 4
Paul 16712577813 1994 1 5
Ruth 16940602637 2006 10 20
William 16254495771 1990 3 8
Eric 18572322223 2003 5 15
Deborah 13883454602 1972 6 12
Deborah 18897372539 2009 11 18
George 16050523786 1975 2 23
Larry 15687232117 1988 3 28
Scott 15143686280 2004 5 21
Angela 14934100214 2015 5 15
Anna 17912393059 1971 11 25
Amy 18827542570 1974 7 6
Timothy 18468694641 2013 8 8
Ronald 16539376044 2009 6 30
Paul 16711066833 2009 7 30